-0.49999	8.363784190785557
-0.47998999999999997	6.485855616146723
-0.45999	5.29535517549877
-0.43999	4.473023201188576
-0.41999	3.8710268933763174
-0.39999	3.411199252830547
-0.37999	3.0485459171519516
-0.35999	2.755142995543858
-0.33998999999999996	2.5128918552626134
-0.31999	2.309493697292775
-0.29999	2.1362999528842086
-0.27999	1.9870502595389437
-0.25999	1.8569901203970434
-0.23998999999999998	1.7427818719429853
-0.21998999999999996	1.641757521308796
-0.19999	1.5516940181318852
-0.17998999999999998	1.4709139051853275
-0.15998999999999997	1.3979218067247725
-0.13999	1.3318818876074487
-0.11999	1.2716860714302287
-0.09998999999999998	1.216693643168331
-0.07999000000000002	1.166211559506704
-0.059989999999999995	1.1197318344153633
-0.03998999999999998	1.0767825485135525
-0.019990000000000018	1.0369766546747958
0.00001	0.9999821556855703
0.020010000000000017	0.965510758890634
0.04001000000000004	0.9333079972901592
0.060010000000000056	0.903146257516209
0.08000999999999996	0.874881639827929
0.10000999999999997	0.8483186632276623
0.12000999999999999	0.8232311034177966
0.14001000000000002	0.7996684673918211
0.16001000000000004	0.7773880699720966
0.18001000000000006	0.7563057974708977
0.20001000000000008	0.7363314818480367
0.22000999999999998	0.7173814294433828
0.24001	0.6993775284258308
0.26001	0.682255920376529
0.28001000000000004	0.6658738738873061
0.30001000000000005	0.6503277967757042
0.32001000000000007	0.6354845201339717
0.34001	0.6213026827068653
0.36001	0.6077413573919986
0.38001	0.5947612872935343
0.40001000000000003	0.5823254174579267
0.42001000000000005	0.5703998378571801
0.44001000000000007	0.5589539965804681
0.46001	0.5479598279015089
0.48001	0.537391085305749
0.50001	0.5272233200590968
0.52001	0.5174339941426852
0.54001	0.5080024651372052
0.56001	0.49890984723043635
0.58001	0.49013878855639376
0.60001	0.48167321377534994
0.6200100000000001	0.473498062595107
0.6400100000000001	0.46559908631290103
0.6600099999999999	0.4579627035623285
0.6800099999999999	0.4505759602987573
0.7000099999999999	0.4434262623456823
0.7200099999999999	0.4365007431831357
0.74001	0.4297858055008652
0.76001	0.42326915382428215
0.78001	0.41694460180101367
0.80001	0.41081117747126056
0.82001	0.404872892936597
0.84001	0.39907811843103524
0.86001	0.39344924879858184
0.8800100000000001	0.3879943132423397
0.9000100000000001	0.38268861810482485
0.9200099999999999	0.37752642267949754
0.9400099999999999	0.3725024752675605
0.9600099999999999	0.3676119837456829
0.9800099999999999	0.3628504204651433
1.00001	0.35821331307913623
1.02001	0.35369622586985633
1.04001	0.3492948666194638
1.0600100000000001	0.3450048561286899
1.0800100000000001	0.340822040020362
1.1000100000000002	0.3367423559861117
1.1200100000000002	0.33276179152756163
1.1400100000000002	0.3288764996061565
1.1600100000000002	0.32508288599969243
1.18001	0.3213776130616642
1.20001	0.31775763589849215
1.22001	0.3142200228697045
1.24001	0.31076201014128263
1.26001	0.3073809474256675
1.28001	0.304074265386766
1.30001	0.3008394785469699
1.3200100000000001	0.297674193408997
1.3400100000000001	0.2945761182281907
1.3600100000000002	0.2915430686075498
1.3800100000000002	0.2885729665341999
1.4000100000000002	0.2856638352893704
1.42001	0.28281379446375876
1.44001	0.28002105511558606
1.46001	0.27728391300818706
1.48001	0.2746007403623021
1.50001	0.2719699778243245
1.52001	0.2693901276325148
1.54001	0.26685974821458636
1.5600100000000001	0.2643774501092698
1.5800100000000001	0.26194189282435937
1.6000100000000002	0.2595517818135136
1.6200100000000002	0.25720586469703915
1.6400100000000002	0.25490292719980956
1.6600100000000002	0.25264179056276403
1.6800100000000002	0.2504213106202998
1.7000100000000002	0.2482403770443878
1.7200100000000003	0.24609791221798105
1.7400100000000003	0.2439928702628357
1.7600100000000003	0.24192423657596826
1.7800100000000003	0.23989102777905316
1.8000100000000003	0.23789229171533624
1.82001	0.23592710735389447
1.84001	0.23399458442075638
1.86001	0.23209386043060523
1.88001	0.23022410131303234
1.90001	0.22838454115012324
1.92001	0.22657438031882826
1.94001	0.2247928564831734
1.96001	0.2230392425768638
1.98001	0.22131282501216404
2.00001	0.21961290473504821
2.02001	0.2179387961989734
2.04001	0.2162898262994907
2.06001	0.21466533382627154
2.08001	0.2130646694350172
2.10001	0.2114871960153954
2.12001	0.20993228929395116
2.14001	0.20839933851345668
2.16001	0.20688774705548485
2.1800100000000002	0.20539693291159838
2.2000100000000002	0.20392632894733242
2.2200100000000003	0.2024753829379744
2.2400100000000003	0.20104355738390545
2.2600100000000003	0.19963032913888829
2.2800100000000003	0.19823518890627984
2.3000100000000003	0.19685764067216124
2.32001	0.1954972011451631
2.34001	0.19415339926029374
2.36001	0.19282577578521992
2.38001	0.19151388304850414
2.40001	0.19021728479485808
2.42001	0.1889355561625261
2.44001	0.18766828377064676
2.46001	0.18641506589837623
2.48001	0.18517551273400068
2.50001	0.1839492466753503
2.52001	0.18273590268213796
2.54001	0.18153512872280173
2.56001	0.1803465864100961
2.58001	0.17916995192253798
2.60001	0.17800491718907463
2.62001	0.17685119111323966
2.64001	0.17570850055423898
2.66001	0.17457659100496337
2.6800100000000002	0.17345522718760523
2.7000100000000002	0.17234419382330482
2.7200100000000003	0.17124329665641785
2.7400100000000003	0.1701523636518047
2.7600100000000003	0.169071246235713
2.7800100000000003	0.16799982047632683
2.8000100000000003	0.1669379881652818
2.8200100000000003	0.1658856779410277
2.84001	0.16484284698723725
2.86001	0.16380948369475806
2.88001	0.1627856091876571
2.90001	0.16177127517478285
2.92001	0.1607665628835359
2.94001	0.15977158720243212
2.96001	0.15878650407420972
2.98001	0.15781152095294101
3.00001	0.15684684896476883
3.02001	0.15589264304783096
3.04001	0.15494929683618844
3.06001	0.1540171774462485
3.08001	0.1530966720013277
3.10001	0.1521882058218276
3.12001	0.15129225895522225
3.14001	0.15040936533618307
3.16001	0.14954011331528538
3.1800100000000002	0.14868514793668322
3.2000100000000002	0.14784517403475353
3.2200100000000003	0.1470209598280581
3.2400100000000003	0.1462133409452204
3.2600100000000003	0.14542322489848628
3.2800100000000003	0.14465159605940675
3.3000100000000003	0.14389952121595234
3.3200100000000003	0.14316815582255066
3.34001	0.14245875109355574
3.36001	0.14177266213785897
3.38001	0.1411113573817721
3.40001	0.14047642957344303
3.42001	0.1398696086845926
3.44001	0.13929277699567633
3.46001	0.1387479865310773
3.48001	0.13823747878873463
3.50001	0.13776370645402197